845781
899112
360920
17979
10258
5255
88096
376867
39254
83533
696506
772
1573
17379
927
850
80278
771
10719
5994
454467
287903
631843
747349
240820
30298
530915
359724
399566
82702
324552
1891
458156
273481
118340
374720
330459
207703
190859
718930
752
980489
454626
37724
137113
61791
1892
629542
4638
70160
577922
312221
181808
38700
1271
62177
337339
1495
1372
675353
96721
177677
59440
616
929590
9693
68726
2501
254
639933
13183
335787
1572
89
64688
294254
460465
677179
480530
72190
385128
336843
203801
131634
353486
12244
5503
7446
166426
56292
5548
337170
180
9509
774370
476669
718821
181812
604
2034
75780
10027
2502
2109
20504
343668
140300
954
746036
8909
16320
324852
615656
484641
87
400535
238713
695721
1571
424783
787
262500
1885
10764
949
101299
140607
1895
679
652
13475
10528
119450
7485
2503
187017
345887
754
293167
399402
602
384018
335977
956
941
204082
274857
605
38575
48138
1893
1234731
508943
337404
57158
333339
522402
259316
606856
353081
85
10674
550988
587
329
493529
809
9444
8358
400160
346648
11688
87827
529203
420818
481848
585083
438148
420817
675445
425909
497582
1265
420809
165
512200
196
283366
412117
920
451048
44264
102651
9016
2270
431580
9023
37135
9487
653346
10192
206647
131631
57212
135397
351286
44896
116149
9340
49519
559907
9837
507086
8587
863
1139087
10020
183011
431693
664767
11544
140420
123025
400155
779047
76492
297102
514754
841755
293299
11836
45752
142061
589739
72720
1076364
574074
831827
49444
210769
46195
539517
136799
355338
528644
876716
454640
228161
13042
533
16237
10501
245881
10545
13929
1010823
284995
587807
22794
1155058
17578
810
1007401
721656
10865
227973
1040148
9928
449406
40619
433471
1267
105864
706860
10527
813258
263109
15789
332210
381719
302429
9473
14411
774825
119321
1299652
950
9297
13060
82703
14813
594530
217993
297556
153518
7443
9836
51052
639721
896221
508439
638507
425
718789
420821
32916
574093
364689
481084
80321
82881
57800
21032
298115
256835
13053
91417
12610
460793
47626
598331
229408
12144
385687
786892
76341
168259
313369
490132
508442
10193
120467
466272
301528
318846
115
8363
491418
116745
257211
508947
594
402900
19913
615777
7326
10625
843527
19908
2108
901362
509
621
1072790
639720
43347
50546
813
9880
11528
4011
917496
567609
1824
138832
134
2280
8961
8835
1245993
1593
214756
37056
45243
486131
36685
41154
9353
864
649609
359940
398978
1949
185
819
8321
392044
242
117
256591
290250
433498
934433
536743
5236
1592
1645
559969
37136
445571
308266
504172
50348
829280
298
4133
390043
6075
1538
8195
1541
336845
16995
146216
9303
7270
15196
9654
241554
34544
9481
90
7304
650
763285
241
136795
4547
1948
604685
12201
816
10476
9762
136400
8848
11322
5175
82675
3432
1807
136797
945729
8068
1598
9737
49527
10743
9291
1817
163
5174
245916
51540
398
8292
948549
602269
395990
10147
4824
14839
438650
9400
1428
12719
800510
13685
343611
326285
76640
823464
413846
373571
406759
427641
13958
11236
10225
1076032
1275606
1026208
259910
1015595
980017
1001912
24479
50056
21525
22800
497802
9012
12228
12094
9459
682587
42314
121831
24982
717082
47813
13576
14543
217316
1779
26723
1430
17700
834027
293262
3396
58496
21923
44639
33740
543580
1015606
656663
44992
22559
17208
1024433
239459
36123
591278
16290
447399
503210
13963
825647
84351
979163
37588
1076708
54518
21182
76180
1058647
30416
939356
574638
14271
31151
23618
339927
253353
32562
63513
860278
67675
178850
490082
505205
288161
20211
40534
210041
29751
331482
381284
424694
122906
316029
1422
406997
629
240
447332
275
73
453
522924
14
142
1402
37799
293863
363676
785084
44214
302946
666277
3558
514439
297
205587
614934
4982
1813
6715
4347
50646
380
688
82695
2024
467244
296098
23169
4584
5723
970284
251
7980
339692
1427
4995
686
1360
473033
429197
783
49047
205
568
33602
9675
35
446893
345938
9820
459151
93456
127380
642885
211672
74465
270946
379686
158852
673309
241259
11774
11283
41216
788
13156
8326
765897
522478
2454
278154
10601
7518
6795
329996
11247
4922
3933
503919
162
278927
8844
337401
620
447404
585245
19101
560044
2668
338952
6978
72105
310
338953
50620
4523
515195
8204
1730
2907
24021
245842
24420
454433
598387
2758
531219
338970
16996
68735
417859
1734
24032
14191
967847
668482
23629
11976
268896
9100
75
487558
522212
556984
774531
375262
292011
399404
850165
323677
583406
16052
140823
535544
205775
289222
837881
388399
68730
253412
10139
1002185
727306
10590
9829
612
451480
763165
285783
1883
11499
418680
96724
10110
300673
369192
211387
21641
321697
711
1887
423899
465003
347026
823452
6973
36950
480857
3683
401847
802219
11686
127560
610219
457136
13435
606870
363992
43434
14410
335778
11400
11973
402529
493551
10142
592863
88794
72431
11831
6538
65034
4169
1247
10130
270487
61891
239566
245700
719256
27586
271969
553087
20539
18254
15927
31642
476764
15300
896151
46827
4515
20318
464566
11422
13554
21867
29204
28448
14729
520763
13885
949423
381283
951491
23202
201085
6114
763
635910
440021
7340
794
273477
256274
762504
787752
602223
332567
9913
760741
609
49017
158015
9792
974931
8413
257445
9532
395992
443791
522681
820609
1547
345911
2654
619778
439079
9902
19898
709631
22804
1010756
316727
215
565
599975
11850
44040
14254
55779
9552
16871
442249
28355
297608
9286
82654
406563
38410
214
14001
8077
8769
4513
41439
10781
456740
10585
532408
11096
663
11932
298250
282035
11683
1251717
8843
9711
858017
11351
9378
13207
23827
2655
58151
602734
458305
49730
10160
395
467
39957
1011477
603692
11690
245891
17466
69
71
824
470878
504608
76115
12104
407655
85446
12903
20227
5123
13933
817758
243
243683
49948
615904
606679
650073
2179
18126
15392
13403
12763
11887
515114
30074
209451
504827
523607
13497
719643
64328
10654
6575
9591
2750
17332
10560
14024
551806
8428
88920
3179
495029
9781
412519
826953
63710
48246
968441
41394
16769
29475
32823
297806
330544
14353
24153
333667
6478
8216
13763
12621
58508
148607
17952
14123
26840
16112
29572
640265
41823
55457
24798
19366
19610
22309
27016
15278
27804
21724
36739
1496
964
782
3580
2252
576845
328387
225574
401981
799876
833425
346685
13354
863873
203696
262504
13027
206563
484247
8271
20558
619730
1090
1632
579047
426
171274
8066
6637
207932
167
286565
17681
3594
24615
1903
68727
49517
13811
11460
881164
1586
846
11704
11371
22824
35052
8834
399035
8224
1045938
1015724
10782
418078
22555
14462
37258
11863
9637
2275
19912
10684
37233
1035259
383498
339846
293660
533535
332562
921
222935
64682
274870
1904
399055
3175
51828
1587
853
1079091
4148
1278
417870
10201
9560
8051
9603
820446
454
9441
9576
7985
9522
1440
6972
59860
9281
12184
9476
634
1597
9919
87825
13971
8488
460668
10184
859
2251
50619
11130
14533
526050
9602
6557
14736
1143319
115290
6964
9489
2976
1289936
619
12614
544
13967
10202
38093
4564
10758
3981
10330
16161
11003
13768
34016
11622
1365
4379
11208
895959
38167
37821
1058
1352755
38
78
20352
62
63
17654
54138
51876
1954
59967
188927
45612
2277
2756
1858
220289
39513
38050
37686
2048
10559
300668
74
76726
926
154
2666
70981
107985
1894
39538
227719
840
581726
438799
20526
1635
435
315837
644
75612
68724
87101
7512
451925
87421
199
305470
38356
148980
26689
453405
290859
1825
156022
9502
198184
371738
50393
26976
32458
26114
463158
13935
133557
60695
50008
56195
14786
19448
297961
1417059
11248
15105
12629
78239
74629
574151
20544
25405
12900
56831
261414
14050
41180
16187
133790
30330
15869
39345
321160
214091
1884
30840
37178
10372
53157
74849
50032
857702
287689
31894
732670
15044
254065
30347
31046
361263
424600
303623
13470
266353
59238
14439
45371
36465
53985
244839
17792
980804
409447
31047
42979
348390
19851
24241
173153
31018
28730
49007
231401
46725
176339
399747
37254
52660
2887
27460
31619
532814
31067
27137
26540
36251
31428
51888
77
2118
322
345
985939
300671
65754
23168
2832
446021
276907
717980
762441
13448
107846
1106739
7555
39514
514847
447200
76163
260346
341013
913290
49040
1669
1637
227306
779816
369885
22971
2604
19067
347629
5902
225728
11780
16374
3536
8007
9093
10592
12100
10479
25014
618346
9839
8738
22267
383585
19855
31962
8988
182
1880
17339
19382
9967
27521
27461
332721
14171
31037
25221
20713
18886
975
33258
11202
143
3063
22584
11221
11589
24395
15497
27367
18783
37853
37103
36851
15876
11463
52679
21027
36583
31623
60216
84079
42879
17744
19968
26205
18784
23567
29715
17382
10568
41131
40739
27854
37451
11706
37684
875
46242
17720
427564
298382
892153
596161
10212
46528
12584
934456
12690
41988
11259
887767
759584
8043
1363
10380
41841
42252
859860
928999
65796
11145
32617
20533
16972
41807
19176
42201
75552
19317
35200
50326
20333
34444
3090
980
11072
16563
11916
29005
11577
18264
14677
11897
33444
25599
14554
24748
30054
20442
42491
23330
17664
43828
22201
67659
18118
27172
36206
1936
100299
22390
14837
6529
26502
25209
43260
12639
14241
41857
44921
25914
55604
43114
6523
37309
43308
43329
43829
44766
43380
32560
26928
28907
32634
60643
42871
1676
1403
83099
43837
18639
38800
